y	x
2604	10
0	100
2604	1000
2603	10000
5210	20000
13022	40000
18230	60000
23438	80000
494755	100000
T1 без индекса
--------------------------------
	
	
y	x
0	10
0	100
2605	1000
18227	10000
33851	20000
65099	40000
104158	60000
119784	80000
161449	100000
T2 c простым индексом
------------------------
	
	

y	x
2604	10
2605	100
2602	1000
18227	10000
33852	20000
65100	40000
98952	60000
127593	80000
171859	100000
T3 с уникальным индексом
-------------------------------------
	
	
	



y	x
0	10
0	100
5208	1000
15624	10000
26040	20000
52079	40000
83327	60000
111970	80000
158845	100000
T4 c индексом по выражению
---------------------------------------


y	x
0	10
0	100
5207	1000
36454	10000
62495	20000
122386	40000
192693	60000
244774	80000
325497	100000

T5 с пользовательской функцией
--------------------------------------
	
	
	
	