y	x					
0	10
10416	100
122386	1000
239566	2000
463947	4000
739527	6000
966074	8000
1171789	10000
1385353	12000
2351388	20000
4757463	40000
7015114	60000
15318872	80000 !
12084121	100000
 6
T1 без индекса
--------------------------------



y	x
2603	10
5208	100
119782	1000
273417	2000
535200	4000
775094	6000
1078044	8000
1330630	10000
1570631	12000
2656056	20000
5320373	40000
7761325	60000
10669102	80000
13374517	100000
T2 c простым индексом
------------------------

y	x
0	10
10415	100
138010	1000
281229	2000
502569	4000
822856	6000
1070235	8000
1291571	10000
1646104	12000
2619599	20000
5265161	40000
7710254	60000
10908007	80000
13184253	100000
T3 с уникальным индексом
-------------------------------------



y	x
2606	10
10415	100
140614	1000
276021	2000
500944	4000
817648	6000
1077793	8000
1281153	10000
1652013	12000
2656057	20000
5314719	40000
10906302	60000
10438001	80000
13391131	100000
T4 c индексом по выражению
---------------------------------------



y	x
0	10
15625	100
164050	1000
296852	2000
624720	4000
921807	6000
1205641	8000
1466036	10000
1890757	12000
3036237	20000
6119351	40000
12725683	60000
14303830	80000
15293175	100000
T5 с пользовательской функцией
--------------------------------------

	
	
	
	